0000000001011111000000010000000000000000000000000000000000000000000000000000000000000000000000000000000000000001000000000000000000000000000000000000000000000000000000000001000100000000000000000000000000000011000000000000000000000000000000000000000000000000000000000000000000000000
0000010000000000000000000000000000100111000000000000000000000000000001000000000000000000000000000001000000000000000000000000000000001001000000000000000000000000000000110000000000000000000000000000000000000000000000000000000000000000000000000000000000000000100100000000010100000000
0000000000000000000000000000010000000000000000000000000000000000000000000000000000000000000000010000000000000000000000000000001000000000000000000000000000000000000000000000000000000000000000000000000000000000000000001110000000000010000000000000000010110000000000100000000000000000
0000000000000000000000000000000000000000000000000010000100000000000000000000000000000001000000000000000000000000000000110000000000000000000000001100100010010001000001000000100011001000000000010000000000000000000101110000000100000000000000000000000000000000000000000000000000000000
0000000000011011000000000000000000000000000000010000000000000000000000000000011000000000000000000000000010000000100000000000010000001000100000000000000000000000000000000100011100000001000000000000000000000000000000000000000000000000000000000000000000000000000000000001000000000000
0000000000000000000000000000000000000000000000000000000000000000000000000000000000000000000000000000000000000000000000000000000000000000000000000000000000000000000000000000000000000000000000000000000000000000000000000000000000000000000000000000000000000000000000000000000000000000
0111001101110100011100100111010001100001011000100000000000101110011100110110100001110011011101000111001001110100011000010110001000000000001011100111010001100101011110000111010000000000001011100110010001100001011101000110000100000000000000000000000000000000000000000000000000000000
0000000001011111010111110110001001110011011100110101111101110011011101000110000101110010011101000000000001011111011001010110010001100001011101000110000100000000010111110110010101101110011001000000000000000000001011100111001101111001011011010111010001100001011000100000000000101110
0111010101100101000000000101000001110010011010010110111001110100000000000100010101111000011010010111010000000000010111110100011101001100010011110100001001000001010011000101111101001111010001100100011001010011010001010101010001011111010101000100000101000010010011000100010101011111
0101010001101111011011110100110101100001011011100111100101000001011100100110011101110011000000000100010101101110011000110111001001111001011100000111010000000000010011010110000101101001011011100100110001101111011011110111000000000000011000110110111101101110011101000110100101101110
0110011101110011000000000110110001101111011011110111000001110011011101000110000101110010011101000000000001000100011010010111001101110000011011000110000101111001010011100110111101110010011011010000000001000111011001010111010001010011011101000111001001101100011001010110111000000000
0111010001101111011100100111100100000000010101100100100101000011010101000100111101010010010110010100110001000101010011100000000001010010011001010111011001100101011100100111001101100101010010010111010000000000010011100110010101111000011101000000000001001110011011110100000101110010
0111101001000001011011100111010001101001011001000110111101110100011001010000000001000001010011100101010001001001010011000100010101001110000000000110010101101101011100000111010001111001011100110111010001110010011010010110111001100111000000000111001101111010010101100110100101100011
0100011001101100011000010110011100000000010001100100110001000001010001110100110001000101010011100000000001110011011110100101001101110100011000010111001001110100011101010111000000000000010100110101010001000001010100100101010001010101010100000100110001000101010011100000000001110011
0100110001000101010011100000000001110011011110100100110001101001011011100110010101000110011001010110010101100100000000000111001101111010010001010111001001110010010011010111001101101110011001110000000001001101010100110100111001000111010011000100010101001110000000000111001101111010
0111010001100101000000000111001101110100011001000110100101101110000000000111001101110100011001000110111101110101011101000000000001110011011101000110010001100101011100100111001000000000011100110111101001000101011100100111001001001101011100110110011100000000010001010101001001010010
0110110100000000010011010100000101011000010000010101001001000111010100110000000001110011011110010111001101011111011001010111100001101001011101000000000001110011011110010111001101011111011100100110010101100001011001000000000001110011011110010111001101011111011101110111001001101001
0000000000000000000000000000000000010000000000000000001000000000010110100000000100000000000000001110000010010010000001000000100000000000000000000000000000000000000100000000000000000010000000000000000001100101011110000111000001101100001100000110100101110100001011100110000101110011
1000000000000100000010000000000000000000000000000000000000010000000000000000000100000000010001110000000100000000000000001101111110010010000001000000100000000000000000000000000000000000000100000000000000000010000000000101001100000001000000000000000011011111100100100000010000001000
0000000000000000000000000000000000000000000000000000000000000000000000000000000000000100000000001111000111111111001100010000000100000000000000001100100010010001000001000000100000000000000000000000000000000000000000010000000000000010000000000100110000000001000000000000000010000000
0000000000100110000000010000000000000000101001011000000100000100000010000000000000000000000000000000000000000000000000000000000100000000001011000000000100000000000000001011101110000001000001000000100000000000000000000000000000000000000000000000000000000001000000000000000000000000
0000000000000000000000010000000000010100000000010000000000000000011110111000000100000100000010000000000000000000000000000000000000000000000000000000000100000000000111010000000100000000000000001001010110000001000001000000100000000000000000000000000000000000000000000000000000000001
0000000000000000000000000000000000000000000000010000000000000000000000010000000000000000010110011000000100000100000010000000000000000000000000000000000000000000000000000000000100000000000011000000000100000000000000000110111110000001000001000000100000000000000000000000000000000000
0000010000001000000000000000000000000000000000000000000000000000000000010000000011101010000000000000000000000000001101011000000100000100000010000000000000000000000000000000000000000000000000000000000100000000111101100000000000000000000000000100010010000001000001000000100000000000
0000000011100011100000000000010000001000000000000000000000000000000000000000000000000000000000010000000011011001000000000000000000000000000100101000000100000100000010000000000000000000000000000000000000000000000000000000000100000000111000000000000000000000000000000010110010000001
1011111100000000000000000000000000001100000000000000000000000000000000000000000000000000000000000000000000000000111100011111111111001010000000000000000000000000111000001000000000000100000010000000000000000000000000000000000000000000000000000000000100000000110101000000000000000000
0000000011110001111111111010100100000000000000000000000001101111100100100000010000001000000000000000000000000000000000000000000000000000000000100000000010110101000000000000000000000000110100111001001000000100000010000000000000000000000000000000000000000000000000000000001000000000
0000000000000000000000000000000011110001111111111001011000000000000000000000000001010000100100100000010000001000000000000000000000000000000000000000000000000000000000100000000010100001000000000000000000000000000111110000000000000000000000000000000000000000000000000000000000000000
0000000000000000000000000000000000000000000000000000000011110001111111111000000100000000000000000000000000111110100100100000010000001000000000000000000000000000000000000000000000000000000000100000000010001011000000000000000000000000000100100000000000000000000000000000000000000000
0010101100000000000000000000000000000000000000000000000000000000000000000000000011110001111111110111001000000000000000000000000000010000100100100000010000001000000000000000000000000000000000000000000000000000000000100000000001111001000000000000000000000000001011100000000000000000
0000000000000000000000001110010010010001000001000000100000000000000000000000000000000000000000000000000000000010000000000110000000000000000000000000000011100101100100010000010000001000000000000000000000000000000000000000000000000000000000100000000001101010000000000000000000000000
1111000111111111010001010000000000000000000000001100100010010001000001000000100000000000000000000000000000000000000000000000000000000010000000000100111000000000000000000000000000011100000000000000000000000000000000000000000000000000000000000000000000000000111100011111111101010101
0000000000000000000000001111000111111111001101110000000000000000000000000000000100000000000000000000000000000000000000000000000000000000000000000000000011110001111111110011111000000000000000000000000000000011000000000000000000000000000000000000000000000000000000000000000000000000
0000000000000000000000000000000000000000000000001111000111111111001001110000000000000000000000000000010000000000000000000000000000000000000000000000000000000000000000000000000011110001111111110011000100000000000000000000000000000000000000000000000000000000000000000000000000000000
0000000000000000000000000000000000000000000000000000000000000000000000001111000111111111000101010000000000000000000000000000000100000000000000000000000000000000000000000000000000000000000000000000000011110001111111110001111000000000000000000000000000000011000000000000000000000000
0000000000000000110010001001000100000100000010000000000000000000000000000000000000000011000000000000001000000000000000010000000000000000000000000000000000000000000000000000000000000000000000000000000000000000000001000000000011110001111111110000110100000000000000000000000000000010
0000000000000000000000000000000000000000000000000000000000000000000000000000000000000000000000000000000000000000000000000000000000000000000000000000000000000000000000001000000010000000000001000000100000000000000000000000000000000000000000110000000000000001000000000000000000000000
0000000000000000000000000000000000000000000000000000000000000000000000000000000000000000000000000000000000000000000000000000000000000000000000000000000000000000000000000000000000000000011110010110111101110101001000000110010001101001011001000010000001101001011101000010000100001010
0000000000000000000000000000000000000000000000000000000000000000000000000000000000000000000000000000000000000000000000000000000000000000000000000000000000000000000000000000000000000000000000000000000000000000000000000000000000000000000000000000000000000000000000000000000000000000
0000000000000000000000000000000000000000000000000000000000000000000000000000000000000000000000000000000000000000000000000000000000000000000000000000000000000000000000000000000000000000000000000000000000000000000000000000000000000000000000000000000000000000000000000000000000000000
1100001110110001011001110010000000110100110000111011000101110100001000010110010000110000011101000011001100100000001100001100001110110001001000000111010001001000001100110010000001110110001000010111001001110101001001000000101000000000000000000000000000000000000000000000000000000000
0101110101011010010001010101011001001010010111000101110100101110010010110101010101000001001000000101000100000000011000100110110001110101001100110010000000100100010010000011010001100100001100000111011100100000011101100010000101110010011101010010010000001010011101010010010000100001
0011011000110110000010100000011000101101010101100100101100010101000011010100011000000010010001010100101001010111010110110101001000100100010111010101110101000001001000110011000101010000010101010101101001000101010100110011000001010000001001110010110100110010010101110011011100100001
1100001110110001011101000010000101100100001100000111010000110011001000000110011000110000011101011100001110110001011001000010000100100000001100110111100000110011110000101010100101110101011101000010000111000011101100010110011100100000001100000111001001100100001100110111001000100000
0000000011000010101001010011000001110101001000000111011100100001011011000110110000100000110000111011000100110011011101100011001101110010001000001100001010101001001101000111010011000010101010010100100000100000011011010011001100001010000010101100001110110001001100000010000000110100
1101011010111000000001000000000000000000000000001011101100000001000000000000000000000000101110010110111110010010000001000000100010111010011000110000000000000000000000001100110110000000100010011110110001011101101110000000000100000000000000000000000000110001110110111100110110000000
1000000011111001000000000111010000011111100010100000010000111011001111000000101001110101000010001011111100000000000000000000000000000000100010100000010000111011001100001100000110001000100011100110111110010010000001000000100010000011110001100000000110000011110001110000000111101011
1011101100000001000000000000000000000000101110011100100010010001000001000000100010111010000111000000000000000000000000001100110110000000100010011100101110111110000000000000000000000000000000001011111100000000000000000000000000000000100010101000111000010000100100100000010000001000
1011101100000001000000000000000000000000110011011000000001011011110000110101001100110001110010011111011111010001001100011100000011111100111100101010111011000110010001111111111100001010111101111101000101011011100011010101000111111111110000111011100000000100000000000000000000000000
0000000100000000000000000000000010111001111001011001000100000100000010001011101000101011000000000000000000000000110011011000000001100110101110010010110000000001011001100100100101110101111111001110100110000110000000000000000000000000010100111011100000000100000000000000000000000000
1000000001001110010011110111100111101001101110011110010010010001000001000000100010111010000000010000000000000000000000001011100000000100000000000000000000000000101110110000000100000000000000000000000011001101100000000101101111000011101110000000010000000000000000000000000010111011
0000000000000000000000000101111110001011011101001001110100000000111010000000000100000000000000000000000001000011010100110000000111111110101110000000010000000000000000000000000010111011000000010000000000000000000000001000100111110001101110100000000100000000000000000000000011001101
1011101000011111000000000000000000000000110011011000000010111011000000110000000000000000000000001000101101111100100111010000000010000101111111110000111110000100111101000000000000000000000000001110100001111000000000000000000000000000100010110100110010011101000000001110100010011010
0000000000000000101110010011111010010010000001000000100010111010000100100000000000000000000000001100110110000000100000110111110100000100000000010111010001110010101110000000010000000000000000000000000010111011000000010000000000000000000000001011100101010000100100100000010000001000
0000000100000000000000000000011000000000000000000000000000000000000100000000000000000000000000000000000000000000000000000000000000000000000000000000000000000000000000000000000000000000100100000101010110001001111001011011100000000100000000000000000000000000101110110000000100000000
0000000000000000110001110000000100000000000000000000010100000000000000000000000000000000000100000000000000000000000000010000000000000000000000001100100000000001000000000000000011001000100100010000010000001000110010001001000100000100000010000001011100000001000000000000000000010111
0000000000000000000000000000000000000000001101000000000000100000000000000000001000000000001010000000000000000110000000000000010100000000000000010000000000000000000000000000000000000000000000000000000000000000100000000000010000001000000000001000000000000100000010001100011100000001
0111111101000101010011000100011000000001000000010000000100000000000000000000000000000000000000000000000000000000000000000000000000000010000000000000001100000000000000010000000000000000000000001000000010000000000001000000100000110100000000000000000000000000000110000000011100000000
